00000000000000000000000000000000
00000000000000000000000000000000
00000000000000000000000000000000
00000000000000000000000000000000
00000000000000000000000000000000
00000000000000000000000000000000
00000000000000000000000000000000
00000000000000000000000000000000
00000000000000000000000000000000
00000000000000000000000000000000
00000000000000000000000000000000
00000000000000000000000000000000
00000000000000000000000000000000
00000000000000000000000000000000
00000000000000000000000000000000
00000000000000000000000000000000
00000000000000000000000000000000
00000000000000000000000000000000
00000000000000000000000000000000
00000000000000000000000000000000
00000000000000000000000000000000
00000000000000000000000000000000
00000000000000000000000000000000
00000000000000000000000000000000
00000000000000000000000000000000
00000000000000000000000000000000
00000000000000000000000000000000
00000000000000000000000000000000
00000000000000000000000000000000
00000000000000000000000000000000
00000000000000000000000000000000
00000000000000000000000000000000
00000000000000000000000000000000
00000000000000000000000000000000
00000000000000000000000000000000
00000000000000000000000000000000
00000000000000000000000000000000
00000000000000000000000000011101
00000000000000000000000001010011
00000000000000000000000010010001
00000000000000000000000011010000
00000000000000000000000100010001
00000000000000000000000101001001
00000000000000000000000101010101
00000000000000000000000100001100
00000000000000000000000001010011
11111111111111111111111100100111
11111111111111111111110110010011
11111111111111111111101110100110
11111111111111111111100110000000
11111111111111111111011101100000
11111111111111111111010110100011
11111111111111111111010010101101
11111111111111111111010011001000
11111111111111111111011000101010
11111111111111111111100011111111
11111111111111111111110101101000
00000000000000000000001101101001
00000000000000000000101011011100
00000000000000000001001110001010
00000000000000000001110101000110
00000000000000000010011111111101
00000000000000000011001110100111
00000000000000000100000000110111
00000000000000000100110110101001
00000000000000000101110000010001
00000000000000000110101110010000
00000000000000000111110000111000
00000000000000001000110111110000
00000000000000001010000010000100
00000000000000001011001110110000
00000000000000001100011100101011
00000000000000001101101010011000
00000000000000001110110110000101
00000000000000001111111110000010
00000000000000010001000000111111
00000000000000010001111110001011
00000000000000010010110101001101
00000000000000010011100101101101
00000000000000010100001111100001
00000000000000010100110010111010
00000000000000010101010000010111
00000000000000010101101000010101
00000000000000010101111010111001
00000000000000010110000111111101
00000000000000010110001111100011
00000000000000010110010001111001
00000000000000010110001111000100
00000000000000010110000110101001
00000000000000010101111000101001
00000000000000010101100101000111
00000000000000010101001100000111
00000000000000010100101101110000
00000000000000010100001010001011
00000000000000010011100001100010
00000000000000010010110011111100
00000000000000010010000001100100
00000000000000010001001010101010
00000000000000010000001111011011
00000000000000001111010000000110
00000000000000001110001100111010
00000000000000001101000110000111
00000000000000001011111100000001
00000000000000001010101110111011
00000000000000001001011111001000
00000000000000001000001100111011
00000000000000000110111000101000
00000000000000000101100010100110
00000000000000000100001011001011
00000000000000000010110010101110
00000000000000000001011001100011
00000000000000000000000000000000
11111111111111111110100110011101
11111111111111111101001101010010
11111111111111111011110100110101
11111111111111111010011101011010
11111111111111111001000111011000
11111111111111110111110011000101
11111111111111110110100000111000
11111111111111110101010001000101
11111111111111110100000011111111
11111111111111110010111001111001
11111111111111110001110011000110
11111111111111110000101111111010
11111111111111101111110000100101
11111111111111101110110101010110
11111111111111101101111110011100
11111111111111101101001100000100
11111111111111101100011110011110
11111111111111101011110101110101
11111111111111101011010010010000
11111111111111101010110011111001
11111111111111101010011010111001
11111111111111101010000111010111
11111111111111101001111001010111
11111111111111101001110000111100
11111111111111101001101110000111
11111111111111101001110000111010
11111111111111101001111001010110
11111111111111101010000111011000
11111111111111101010011010111011
11111111111111101010110011111001
11111111111111101011010010001110
11111111111111101011110101110011
11111111111111101100011110011111
11111111111111101101001100000110
11111111111111101101111110011011
11111111111111101110110101010100
11111111111111101111110000100100
11111111111111110000101111111011
11111111111111110001110011001000
11111111111111110010111001111000
11111111111111110100000011111101
11111111111111110101010001000100
11111111111111110110100000111001
11111111111111110111110011000111
11111111111111111001000111011000
11111111111111111010011101011000
11111111111111111011110100110100
11111111111111111101001101010011
11111111111111111110100110011111
00000000000000000000000000000000
00000000000000000001011001100001
00000000000000000010110010101101
00000000000000000100001011001100
00000000000000000101100010101000
00000000000000000110111000101000
00000000000000001000001100111001
00000000000000001001011111000111
00000000000000001010101110111100
00000000000000001011111100000011
00000000000000001101000110001000
00000000000000001110001100111000
00000000000000001111010000000101
00000000000000010000001111011100
00000000000000010001001010101100
00000000000000010010000001100101
00000000000000010010110011111010
00000000000000010011100001100001
00000000000000010100001010001101
00000000000000010100101101110010
00000000000000010101001100000111
00000000000000010101100101000101
00000000000000010101111000101000
00000000000000010110000110101010
00000000000000010110001111000110
00000000000000010110010001111001
00000000000000010110001111000100
00000000000000010110000110101001
00000000000000010101111000101001
00000000000000010101100101000111
00000000000000010101001100000111
00000000000000010100101101110000
00000000000000010100001010001011
00000000000000010011100001100010
00000000000000010010110011111100
00000000000000010010000001100100
00000000000000010001001010101010
00000000000000010000001111011011
00000000000000001111010000000110
00000000000000001110001100111010
00000000000000001101000110000111
00000000000000001011111100000001
00000000000000001010101110111011
00000000000000001001011111001000
00000000000000001000001100111011
00000000000000000110111000101000
00000000000000000101100010100110
00000000000000000100001011001011
00000000000000000010110010101110
00000000000000000001011001100011
00000000000000000000000000000000
11111111111111111110100110011101
11111111111111111101001101010010
11111111111111111011110100110101
11111111111111111010011101011010
11111111111111111001000111011000
11111111111111110111110011000101
11111111111111110110100000111000
11111111111111110101010001000101
11111111111111110100000011111111
11111111111111110010111001111001
11111111111111110001110011000110
11111111111111110000101111111010
11111111111111101111110000100101
11111111111111101110110101010110
11111111111111101101111110011100
11111111111111101101001100000100
11111111111111101100011110011110
11111111111111101011110101110101
11111111111111101011010010010000
11111111111111101010110011111001
11111111111111101010011010111001
11111111111111101010000111010111
11111111111111101001111001010111
11111111111111101001110000111100
11111111111111101001101110000111
11111111111111101001110000111010
11111111111111101001111001010110
11111111111111101010000111011000
11111111111111101010011010111011
11111111111111101010110011111001
11111111111111101011010010001110
11111111111111101011110101110011
11111111111111101100011110011111
11111111111111101101001100000110
11111111111111101101111110011011
11111111111111101110110101010100
11111111111111101111110000100100
11111111111111110000101111111011
11111111111111110001110011001000
11111111111111110010111001111000
11111111111111110100000011111101
11111111111111110101010001000100
11111111111111110110100000111001
11111111111111110111110011000111
11111111111111111001000111011000
11111111111111111010011101011000
11111111111111111011110100110100
11111111111111111101001101010011
11111111111111111110100110011111
00000000000000000000000000000000
00000000000000000001011001100001
00000000000000000010110010101101
00000000000000000100001011001100
00000000000000000101100010101000
00000000000000000110111000101000
00000000000000001000001100111001
00000000000000001001011111000111
00000000000000001010101110111100
00000000000000001011111100000011
00000000000000001101000110001000
00000000000000001110001100111000
00000000000000001111010000000101
00000000000000010000001111011100
00000000000000010001001010101100
00000000000000010010000001100101
00000000000000010010110011111010
00000000000000010011100001100001
00000000000000010100001010001101
00000000000000010100101101110010
00000000000000010101001100000111
00000000000000010101100101000101
00000000000000010101111000101000
00000000000000010110000110101010
00000000000000010110001111000110
00000000000000010110010001111001
00000000000000010110001111000100
00000000000000010110000110101001
00000000000000010101111000101001
00000000000000010101100101000111
00000000000000010101001100000111
00000000000000010100101101110000
00000000000000010100001010001011
00000000000000010011100001100010
00000000000000010010110011111100
00000000000000010010000001100100
00000000000000010001001010101010
00000000000000010000001111011011
00000000000000001111010000000110
00000000000000001110001100111010
00000000000000001101000110000111
00000000000000001011111100000001
00000000000000001010101110111011
00000000000000001001011111001000
00000000000000001000001100111011
00000000000000000110111000101000
00000000000000000101100010100110
00000000000000000100001011001011
00000000000000000010110010101110
00000000000000000001011001100011
00000000000000000000000000000000
11111111111111111110100110011101
11111111111111111101001101010010
11111111111111111011110100110101
11111111111111111010011101011010
11111111111111111001000111011000
11111111111111110111110011000101
11111111111111110110100000111000
11111111111111110101010001000101
11111111111111110100000011111111
11111111111111110010111001111001
11111111111111110001110011000110
11111111111111110000101111111010
11111111111111101111110000100101
11111111111111101110110101010110
11111111111111101101111110011100
11111111111111101101001100000100
11111111111111101100011110011110
11111111111111101011110101110101
11111111111111101011010010010000
11111111111111101010110011111001
11111111111111101010011010111001
11111111111111101010000111010111
11111111111111101001111001010111
11111111111111101001110000111100
11111111111111101001101110000111
11111111111111101001110000111010
11111111111111101001111001010110
11111111111111101010000111011000
11111111111111101010011010111011
11111111111111101010110011111001
11111111111111101011010010001110
11111111111111101011110101110011
11111111111111101100011110011111
11111111111111101101001100000110
11111111111111101101111110011011
11111111111111101110110101010100
11111111111111101111110000100100
11111111111111110000101111111011
11111111111111110001110011001000
11111111111111110010111001111000
11111111111111110100000011111101
11111111111111110101010001000100
11111111111111110110100000111001
11111111111111110111110011000111
11111111111111111001000111011000
11111111111111111010011101011000
11111111111111111011110100110100
11111111111111111101001101010011
11111111111111111110100110011111
00000000000000000000000000000000
00000000000000000001011001100001
00000000000000000010110010101101
00000000000000000100001011001100
00000000000000000101100010101000
00000000000000000110111000101000
00000000000000001000001100111001
00000000000000001001011111000111
00000000000000001010101110111100
00000000000000001011111100000011
00000000000000001101000110001000
00000000000000001110001100111000
00000000000000001111010000000101
00000000000000010000001111011100
00000000000000010001001010101100
00000000000000010010000001100101
00000000000000010010110011111010
00000000000000010011100001100001
00000000000000010100001010001101
00000000000000010100101101110010
00000000000000010101001100000111
00000000000000010101100101000101
00000000000000010101111000101000
00000000000000010110000110101010
00000000000000010110001111000110
00000000000000010110010001111001
00000000000000010110001111000100
00000000000000010110000110101001
00000000000000010101111000101001
00000000000000010101100101000111
00000000000000010101001100000111
00000000000000010100101101110000
00000000000000010100001010001011
00000000000000010011100001100010
00000000000000010010110011111100
00000000000000010010000001100100
00000000000000010001001010101010
00000000000000010000001111011011
00000000000000001111010000000110
00000000000000001110001100111010
00000000000000001101000110000111
00000000000000001011111100000001
00000000000000001010101110111011
00000000000000001001011111001000
00000000000000001000001100111011
00000000000000000110111000101000
00000000000000000101100010100110
00000000000000000100001011001011
00000000000000000010110010101110
00000000000000000001011001100011
00000000000000000000000000000000
11111111111111111110100110011101
11111111111111111101001101010010
11111111111111111011110100110101
11111111111111111010011101011010
11111111111111111001000111011000
11111111111111110111110011000101
11111111111111110110100000111000
11111111111111110101010001000101
11111111111111110100000011111111
11111111111111110010111001111001
11111111111111110001110011000110
11111111111111110000101111111010
11111111111111101111110000100101
11111111111111101110110101010110
11111111111111101101111110011100
11111111111111101101001100000100
11111111111111101100011110011110
11111111111111101011110101110101
11111111111111101011010010010000
11111111111111101010110011111001
11111111111111101010011010111001
11111111111111101010000111010111
11111111111111101001111001010111
11111111111111101001110000111100
11111111111111101001101110000111
11111111111111101001110000111010
11111111111111101001111001010110
11111111111111101010000111011000
11111111111111101010011010111011
11111111111111101010110011111001
11111111111111101011010010001110
11111111111111101011110101110011
11111111111111101100011110011111
11111111111111101101001100000110
11111111111111101101111110011011
11111111111111101110110101010100
11111111111111101111110000100100
11111111111111110000101111111011
11111111111111110001110011001000
11111111111111110010111001111000
11111111111111110100000011111101
11111111111111110101010001000100
11111111111111110110100000111001
11111111111111110111110011000111
11111111111111111001000111011000
11111111111111111010011101011000
11111111111111111011110100110100
11111111111111111101001101010011
11111111111111111110100110011111
00000000000000000000000000000000
00000000000000000001011001100001
00000000000000000010110010101101
00000000000000000100001011001100
00000000000000000101100010101000
00000000000000000110111000101000
00000000000000001000001100111001
00000000000000001001011111000111
00000000000000001010101110111100
00000000000000001011111100000011
00000000000000001101000110001000
00000000000000001110001100111000
00000000000000001111010000000101
00000000000000010000001111011100
00000000000000010001001010101100
00000000000000010010000001100101
00000000000000010010110011111010
00000000000000010011100001100001
00000000000000010100001010001101
00000000000000010100101101110010
00000000000000010101001100000111
00000000000000010101100101000101
00000000000000010101111000101000
00000000000000010110000110101010
00000000000000010110001111000110
00000000000000010110010001111001
00000000000000010110001111000100
00000000000000010110000110101001
00000000000000010101111000101001
00000000000000010101100101000111
00000000000000010101001100000111
00000000000000010100101101110000
00000000000000010100001010001011
00000000000000010011100001100010
00000000000000010010110011111100
00000000000000010010000001100100
00000000000000010001001010101010
00000000000000010000001111011011
00000000000000001111010000000110
00000000000000001110001100111010
00000000000000001101000110000111
00000000000000001011111100000001
00000000000000001010101110111011
00000000000000001001011111001000
00000000000000001000001100111011
00000000000000000110111000101000
00000000000000000101100010100110
00000000000000000100001011001011
00000000000000000010110010101110
00000000000000000001011001100011
00000000000000000000000000000000
11111111111111111110100110011101
11111111111111111101001101010010
11111111111111111011110100110101
11111111111111111010011101011010
11111111111111111001000111011000
11111111111111110111110011000101
11111111111111110110100000111000
11111111111111110101010001000101
11111111111111110100000011111111
11111111111111110010111001111001
11111111111111110001110011000110
11111111111111110000101111111010
11111111111111101111110000100101
11111111111111101110110101010110
11111111111111101101111110011100
11111111111111101101001100000100
11111111111111101100011110011110
11111111111111101011110101110101
11111111111111101011010010010000
11111111111111101010110011111001
11111111111111101010011010111001
11111111111111101010000111010111
11111111111111101001111001010111
11111111111111101001110000111100
11111111111111101001101110000111
11111111111111101001110000111010
11111111111111101001111001010110
11111111111111101010000111011000
11111111111111101010011010111011
11111111111111101010110011111001
11111111111111101011010010001110
11111111111111101011110101110011
11111111111111101100011110011111
11111111111111101101001100000110
11111111111111101101111110011011
11111111111111101110110101010100
11111111111111101111110000100100
11111111111111110000101111111011
11111111111111110001110011001000
11111111111111110010111001111000
11111111111111110100000011111101
11111111111111110101010001000100
11111111111111110110100000111001
11111111111111110111110011000111
11111111111111111001000111011000
11111111111111111010011101011000
11111111111111111011110100110100
11111111111111111101001101010011
11111111111111111110100110011111
00000000000000000000000000000000
00000000000000000001011001100001
00000000000000000010110010101101
00000000000000000100001011001100
00000000000000000101100010101000
00000000000000000110111000101000
00000000000000001000001100111001
00000000000000001001011111000111
00000000000000001010101110111100
00000000000000001011111100000011
00000000000000001101000110001000
00000000000000001110001100111000
00000000000000001111010000000101
00000000000000010000001111011100
00000000000000010001001010101100
00000000000000010010000001100101
00000000000000010010110011111010
00000000000000010011100001100001
00000000000000010100001010001101
00000000000000010100101101110010
00000000000000010101001100000111
00000000000000010101100101000101
00000000000000010101111000101000
00000000000000010110000110101010
00000000000000010110001111000110
00000000000000010110010001111001
00000000000000010110001111000100
00000000000000010110000110101001
00000000000000010101111000101001
00000000000000010101100101000111
00000000000000010101001100000111
00000000000000010100101101110000
00000000000000010100001010001011
00000000000000010011100001100010
00000000000000010010110011111100
00000000000000010010000001100100
00000000000000010001001010101010
00000000000000010000001111011011
00000000000000001111010000000110
00000000000000001110001100111010
00000000000000001101000110000111
00000000000000001011111100000001
00000000000000001010101110111011
00000000000000001001011111001000
00000000000000001000001100111011
00000000000000000110111000101000
00000000000000000101100010100110
00000000000000000100001011001011
00000000000000000010110010101110
00000000000000000001011001100011
00000000000000000000000000000000
11111111111111111110100110011101
11111111111111111101001101010010
11111111111111111011110100110101
11111111111111111010011101011010
11111111111111111001000111011000
11111111111111110111110011000101
11111111111111110110100000111000
11111111111111110101010001000101
11111111111111110100000011111111
11111111111111110010111001111001
11111111111111110001110011000110
11111111111111110000101111111010
11111111111111101111110000100101
11111111111111101110110101010110
11111111111111101101111110011100
11111111111111101101001100000100
11111111111111101100011110011110
11111111111111101011110101110101
11111111111111101011010010010000
11111111111111101010110011111001
11111111111111101010011010111001
11111111111111101010000111010111
11111111111111101001111001010111
11111111111111101001110000111100
11111111111111101001101110000111
11111111111111101001110000111010
11111111111111101001111001010110
11111111111111101010000111011000
11111111111111101010011010111011
11111111111111101010110011111001
11111111111111101011010010001110
11111111111111101011110101110011
11111111111111101100011110011111
11111111111111101101001100000110
11111111111111101101111110011011
11111111111111101110110101010100
11111111111111101111110000100100
11111111111111110000101111111011
11111111111111110001110011001000
11111111111111110010111001111000
11111111111111110100000011111101
11111111111111110101010001000100
11111111111111110110100000111001
11111111111111110111110011000111
11111111111111111001000111011000
11111111111111111010011101011000
11111111111111111011110100110100
11111111111111111101001101010011
11111111111111111110100110011111
00000000000000000000000000000000
00000000000000000001011001100001
00000000000000000010110010101101
00000000000000000100001011001100
00000000000000000101100010101000
00000000000000000110111000101000
00000000000000001000001100111001
00000000000000001001011111000111
00000000000000001010101110111100
00000000000000001011111100000011
00000000000000001101000110001000
00000000000000001110001100111000
00000000000000001111010000000101
00000000000000010000001111011100
00000000000000010001001010101100
00000000000000010010000001100101
00000000000000010010110011111010
00000000000000010011100001100001
00000000000000010100001010001101
00000000000000010100101101110010
00000000000000010101001100000111
00000000000000010101100101000101
00000000000000010101111000101000
00000000000000010110000110101010
00000000000000010110001111000110
00000000000000010110010001111001
00000000000000010110001111000100
00000000000000010110000110101001
00000000000000010101111000101001
00000000000000010101100101000111
00000000000000010101001100000111
00000000000000010100101101110000
00000000000000010100001010001011
00000000000000010011100001100010
00000000000000010010110011111100
00000000000000010010000001100100
00000000000000010001001010101010
00000000000000010000001111011011
00000000000000001111010000000110
00000000000000001110001100111010
00000000000000001101000110000111
00000000000000001011111100000001
00000000000000001010101110111011
00000000000000001001011111001000
00000000000000001000001100111011
00000000000000000110111000101000
00000000000000000101100010100110
00000000000000000100001011001011
00000000000000000010110010101110
00000000000000000001011001100011
00000000000000000000000000000000
11111111111111111110100110011101
11111111111111111101001101010010
11111111111111111011110100110101
11111111111111111010011101011010
11111111111111111001000111011000
11111111111111110111110011000101
11111111111111110110100000111000
11111111111111110101010001000101
11111111111111110100000011111111
11111111111111110010111001111001
11111111111111110001110011000110
11111111111111110000101111111010
11111111111111101111110000100101
11111111111111101110110101010110
11111111111111101101111110011100
11111111111111101101001100000100
11111111111111101100011110011110
11111111111111101011110101110101
11111111111111101011010010010000
11111111111111101010110011111001
11111111111111101010011010111001
11111111111111101010000111010111
11111111111111101001111001010111
11111111111111101001110000111100
11111111111111101001101110000111
11111111111111101001110000111010
11111111111111101001111001010110
11111111111111101010000111011000
11111111111111101010011010111011
11111111111111101010110011111001
11111111111111101011010010001110
11111111111111101011110101110011
11111111111111101100011110011111
11111111111111101101001100000110
11111111111111101101111110011011
11111111111111101110110101010100
11111111111111101111110000100100
11111111111111110000101111111011
11111111111111110001110011001000
11111111111111110010111001111000
11111111111111110100000011111101
11111111111111110101010001000100
11111111111111110110100000111001
11111111111111110111110011000111
11111111111111111001000111011000
11111111111111111010011101011000
11111111111111111011110100110100
11111111111111111101001101010011
11111111111111111110100110011111
00000000000000000000000000000000
00000000000000000001011001100001
00000000000000000010110010101101
00000000000000000100001011001100
00000000000000000101100010101000
00000000000000000110111000101000
00000000000000001000001100111001
00000000000000001001011111000111
00000000000000001010101110111100
00000000000000001011111100000011
00000000000000001101000110001000
00000000000000001110001100111000
00000000000000001111010000000101
00000000000000010000001111011100
00000000000000010001001010101100
00000000000000010010000001100101
00000000000000010010110011111010
00000000000000010011100001100001
00000000000000010100001010001101
00000000000000010100101101110010
00000000000000010101001100000111
00000000000000010101100101000101
00000000000000010101111000101000
00000000000000010110000110101010
00000000000000010110001111000110
00000000000000010110010001111001
00000000000000010110001111000100
00000000000000010110000110101001
00000000000000010101111000101001
00000000000000010101100101000111
00000000000000010101001100000111
00000000000000010100101101110000
00000000000000010100001010001011
00000000000000010011100001100010
00000000000000010010110011111100
00000000000000010010000001100100
00000000000000010001001010101010
00000000000000010000001111011011
00000000000000001111010000000110
00000000000000001110001100111010
00000000000000001101000110000111
00000000000000001011111100000001
00000000000000001010101110111011
00000000000000001001011111001000
00000000000000001000001100111011
00000000000000000110111000101000
00000000000000000101100010100110
00000000000000000100001011001011
00000000000000000010110010101110
00000000000000000001011001100011
00000000000000000000000000000000
11111111111111111110100110011101
11111111111111111101001101010010
11111111111111111011110100110101
11111111111111111010011101011010
11111111111111111001000111011000
11111111111111110111110011000101
11111111111111110110100000111000
11111111111111110101010001000101
11111111111111110100000011111111
11111111111111110010111001111001
11111111111111110001110011000110
11111111111111110000101111111010
11111111111111101111110000100101
11111111111111101110110101010110
11111111111111101101111110011100
11111111111111101101001100000100
11111111111111101100011110011110
11111111111111101011110101110101
11111111111111101011010010010000
11111111111111101010110011111001
11111111111111101010011010111001
11111111111111101010000111010111
11111111111111101001111001010111
11111111111111101001110000111100
11111111111111101001101110000111
11111111111111101001110000111010
11111111111111101001111001010110
11111111111111101010000111011000
11111111111111101010011010111011
11111111111111101010110011111001
11111111111111101011010010001110
11111111111111101011110101110011
11111111111111101100011110011111
11111111111111101101001100000110
11111111111111101101111110011011
11111111111111101110110101010100
11111111111111101111110000100100
11111111111111110000101111111011
11111111111111110001110011001000
11111111111111110010111001111000
11111111111111110100000011111101
11111111111111110101010001000100
11111111111111110110100000111001
11111111111111110111110011000111
11111111111111111001000111011000
11111111111111111010011101011000
11111111111111111011110100110100
11111111111111111101001101010011
11111111111111111110100110011111
00000000000000000000000000000000
00000000000000000001011001100001
00000000000000000010110010101101
00000000000000000100001011001100
00000000000000000101100010101000
00000000000000000110111000101000
00000000000000001000001100111001
00000000000000001001011111000111
00000000000000001010101110111100
00000000000000001011111100000011
00000000000000001101000110001000
00000000000000001110001100111000
00000000000000001111010000000101
00000000000000010000001111011100
00000000000000010001001010101100
00000000000000010010000001100101
00000000000000010010110011111010
00000000000000010011100001100001
00000000000000010100001010001101
00000000000000010100101101110010
00000000000000010101001100000111
00000000000000010101100101000101
00000000000000010101111000101000
00000000000000010110000110101010
00000000000000010110001111000110
00000000000000010110010001111001
00000000000000010110001111000100
00000000000000010110000110101001
00000000000000010101111000101001
00000000000000010101100101000111
00000000000000010101001100000111
00000000000000010100101101110000
00000000000000010100001010001011
00000000000000010011100001100010
00000000000000010010110011111100
00000000000000010010000001100100
00000000000000010001001010101010
00000000000000010000001111011011
00000000000000001111010000000110
00000000000000001110001100111010
00000000000000001101000110000111
00000000000000001011111100000001
00000000000000001010101110111011
00000000000000001001011111001000
00000000000000001000001100111011
00000000000000000110111000101000
00000000000000000101100010100110
00000000000000000100001011001011
00000000000000000010110010101110
00000000000000000001011001100011
00000000000000000000000000000000
11111111111111111110100110011101
11111111111111111101001101010010
11111111111111111011110100110101
11111111111111111010011101011010
11111111111111111001000111011000
11111111111111110111110011000101
11111111111111110110100000111000
11111111111111110101010001000101
11111111111111110100000011111111
11111111111111110010111001111001
11111111111111110001110011000110
11111111111111110000101111111010
11111111111111101111110000100101
11111111111111101110110101010110
11111111111111101101111110011100
11111111111111101101001100000100
11111111111111101100011110011110
11111111111111101011110101110101
11111111111111101011010010010000
11111111111111101010110011111001
11111111111111101010011010111001
11111111111111101010000111010111
11111111111111101001111001010111
11111111111111101001110000111100
11111111111111101001101110000111
11111111111111101001110000111010
11111111111111101001111001010110
11111111111111101010000111011000
11111111111111101010011010111011
11111111111111101010110011111001
11111111111111101011010010001110
11111111111111101011110101110011
11111111111111101100011110011111
11111111111111101101001100000110
11111111111111101101111110011011
11111111111111101110110101010100
11111111111111101111110000100100
11111111111111110000101111111011
11111111111111110001110011001000
11111111111111110010111001111000
11111111111111110100000011111101
11111111111111110101010001000100
11111111111111110110100000111001
11111111111111110111110011000111
11111111111111111001000111011000
11111111111111111010011101011000
11111111111111111011110100110100
11111111111111111101001101010011
11111111111111111110100110011111
00000000000000000000000000000000
00000000000000000001011001100001
00000000000000000010110010101101
00000000000000000100001011001100
00000000000000000101100010101000
00000000000000000110111000101000
00000000000000001000001100111001
00000000000000001001011111000111
00000000000000001010101110111100
00000000000000001011111100000011
00000000000000001101000110001000
00000000000000001110001100111000
00000000000000001111010000000101
00000000000000010000001111011100
00000000000000010001001010101100
00000000000000010010000001100101
00000000000000010010110011111010
00000000000000010011100001100001
00000000000000010100001010001101
00000000000000010100101101110010
00000000000000010101001100000111
00000000000000010101100101000101
00000000000000010101111000101000
00000000000000010110000110101010
00000000000000010110001111000110
00000000000000010110010001111001
00000000000000010110001111000100
00000000000000010110000110101001
00000000000000010101111000101001
00000000000000010101100101000111
00000000000000010101001100000111
00000000000000010100101101110000
00000000000000010100001010001011
00000000000000010011100001100010
00000000000000010010110011111100
00000000000000010010000001100100
00000000000000010001001010101010
00000000000000010000001111011011
00000000000000001111010000000110
00000000000000001110001100111010
00000000000000001101000110000111
00000000000000001011111100000001
00000000000000001010101110111011
00000000000000001001011111001000
00000000000000001000001100111011
00000000000000000110111000101000
00000000000000000101100010100110
00000000000000000100001011001011
00000000000000000010110010101110
00000000000000000001011001100011
00000000000000000000000000000000
11111111111111111110100110011101
11111111111111111101001101010010
11111111111111111011110100110101
11111111111111111010011101011010
11111111111111111001000111011000
11111111111111110111110011000101
11111111111111110110100000111000
11111111111111110101010001000101
11111111111111110100000011111111
11111111111111110010111001111001
11111111111111110001110011000110
11111111111111110000101111111010
11111111111111101111110000100101
