00000000000000000000000000000000
00000000000000000000000000000000
00000000000000110000101010100010
00000000000000100010001110101101
11111111111111101100110001111101
11111111111111011110010010010101
00000000000000001110110101010011
00000000000000111111010100100010
00000000000000110000101001101011
11111111111111111010111010010001
11111111111111101100000100011011
00000000000000011100001101101011
00000000000001001100001111110100
00000000000000111101000100100111
00000000000000000110110001101110
11111111111111110111010101011000
00000000000000100110110101010011
00000000000001010110001011011011
00000000000001000110010001101100
00000000000000001111001101111101
11111111111111111110111110101000
00000000000000101101101001101001
00000000000001011100001001001001
00000000000001001011010111010001
00000000000000010011011010000110
00000000000000000010010000010011
00000000000000110000000000000000
00000000000001011101100011100101
00000000000001001011110101011101
00000000000000010010111011111010
00000000000000000000110101110110
00000000000000101101101001101001
00000000000001011010010001111011
00000000000001000111101001010100
00000000000000001101110110010110
11111111111111111010111000001000
00000000000000100110110101010011
00000000000001010010101000101010
00000000000000111111001101000100
00000000000000000100101001010000
11111111111111110000111100100001
00000000000000011100001101101011
00000000000001000111010111101101
00000000000000110011010101101000
11111111111111111000001110010100
11111111111111100100000001001111
00000000000000001110110101010011
00000000000000111001100101101000
00000000000000100101001101010100
11111111111111101001110011010110
11111111111111010101010111010000
00000000000000000000000000000000
00000000000000101010101000110000
00000000000000010110001100101010
11111111111111011010110010101100
11111111111111000110011010011000
11111111111111110001001010101101
00000000000000011011111110110001
00000000000000000111110001101100
11111111111111001100101010011000
11111111111110111000101000010011
11111111111111100011110010010101
00000000000000001111000011011111
11111111111111111011010110110000
11111111111111000000110010111100
11111111111110101101010111010110
11111111111111011001001010101101
00000000000000000101000111111000
11111111111111110010001001101010
11111111111110111000010110101100
11111111111110100101101110000101
11111111111111010010010110010111
11111111111111111111001010001010
11111111111111101101000100000110
11111111111110110100001010100011
11111111111110100010011100011011
11111111111111010000000000000000
11111111111111111101101111101101
11111111111111101100100101111010
11111111111110110100101000101111
11111111111110100011110110110111
11111111111111010010010110010111
00000000000000000001000001011000
11111111111111110000110010000011
11111111111110111001101110010100
11111111111110101001110100100101
11111111111111011001001010101101
00000000000000001000101010101000
11111111111111111001001110010010
11111111111111000010111011011001
11111111111110110011110000001100
11111111111111100011110010010101
00000000000000010011111011100101
00000000000000000101000101101111
11111111111111001111010110010101
11111111111111000000101011011110
11111111111111110001001010101101
00000000000000100001101101101011
00000000000000010011001110000011
11111111111111011101110001010011
11111111111111001111010101011110
00000000000000000000000000000000
00000000000000110000101010100010
00000000000000100010001110101101
11111111111111101100110001111101
11111111111111011110010010010101
00000000000000001110110101010011
00000000000000111111010100100010
00000000000000110000101001101011
11111111111111111010111010010001
11111111111111101100000100011011
00000000000000011100001101101011
00000000000001001100001111110100
00000000000000111101000100100111
00000000000000000110110001101110
11111111111111110111010101011000
00000000000000100110110101010011
00000000000001010110001011011011
00000000000001000110010001101100
00000000000000001111001101111101
11111111111111111110111110101000
00000000000000101101101001101001
00000000000001011100001001001001
00000000000001001011010111010001
00000000000000010011011010000110
00000000000000000010010000010011
00000000000000110000000000000000
00000000000001011101100011100101
00000000000001001011110101011101
00000000000000010010111011111010
00000000000000000000110101110110
00000000000000101101101001101001
00000000000001011010010001111011
00000000000001000111101001010100
00000000000000001101110110010110
11111111111111111010111000001000
00000000000000100110110101010011
00000000000001010010101000101010
00000000000000111111001101000100
00000000000000000100101001010000
11111111111111110000111100100001
00000000000000011100001101101011
00000000000001000111010111101101
00000000000000110011010101101000
11111111111111111000001110010100
11111111111111100100000001001111
00000000000000001110110101010011
00000000000000111001100101101000
00000000000000100101001101010100
11111111111111101001110011010110
11111111111111010101010111010000
00000000000000000000000000000000
00000000000000101010101000110000
00000000000000010110001100101010
11111111111111011010110010101100
11111111111111000110011010011000
11111111111111110001001010101101
00000000000000011011111110110001
00000000000000000111110001101100
11111111111111001100101010011000
11111111111110111000101000010011
11111111111111100011110010010101
00000000000000001111000011011111
11111111111111111011010110110000
11111111111111000000110010111100
11111111111110101101010111010110
11111111111111011001001010101101
00000000000000000101000111111000
11111111111111110010001001101010
11111111111110111000010110101100
11111111111110100101101110000101
11111111111111010010010110010111
11111111111111111111001010001010
11111111111111101101000100000110
11111111111110110100001010100011
11111111111110100010011100011011
11111111111111010000000000000000
11111111111111111101101111101101
11111111111111101100100101111010
11111111111110110100101000101111
11111111111110100011110110110111
11111111111111010010010110010111
00000000000000000001000001011000
11111111111111110000110010000011
11111111111110111001101110010100
11111111111110101001110100100101
11111111111111011001001010101101
00000000000000001000101010101000
11111111111111111001001110010010
11111111111111000010111011011001
11111111111110110011110000001100
11111111111111100011110010010101
00000000000000010011111011100101
00000000000000000101000101101111
11111111111111001111010110010101
11111111111111000000101011011110
11111111111111110001001010101101
00000000000000100001101101101011
00000000000000010011001110000011
11111111111111011101110001010011
11111111111111001111010101011110
00000000000000000000000000000000
00000000000000110000101010100010
00000000000000100010001110101101
11111111111111101100110001111101
11111111111111011110010010010101
00000000000000001110110101010011
00000000000000111111010100100010
00000000000000110000101001101011
11111111111111111010111010010001
11111111111111101100000100011011
00000000000000011100001101101011
00000000000001001100001111110100
00000000000000111101000100100111
00000000000000000110110001101110
11111111111111110111010101011000
00000000000000100110110101010011
00000000000001010110001011011011
00000000000001000110010001101100
00000000000000001111001101111101
11111111111111111110111110101000
00000000000000101101101001101001
00000000000001011100001001001001
00000000000001001011010111010001
00000000000000010011011010000110
00000000000000000010010000010011
00000000000000110000000000000000
00000000000001011101100011100101
00000000000001001011110101011101
00000000000000010010111011111010
00000000000000000000110101110110
00000000000000101101101001101001
00000000000001011010010001111011
00000000000001000111101001010100
00000000000000001101110110010110
11111111111111111010111000001000
00000000000000100110110101010011
00000000000001010010101000101010
00000000000000111111001101000100
00000000000000000100101001010000
11111111111111110000111100100001
00000000000000011100001101101011
00000000000001000111010111101101
00000000000000110011010101101000
11111111111111111000001110010100
11111111111111100100000001001111
00000000000000001110110101010011
00000000000000111001100101101000
00000000000000100101001101010100
11111111111111101001110011010110
11111111111111010101010111010000
00000000000000000000000000000000
00000000000000101010101000110000
00000000000000010110001100101010
11111111111111011010110010101100
11111111111111000110011010011000
11111111111111110001001010101101
00000000000000011011111110110001
00000000000000000111110001101100
11111111111111001100101010011000
11111111111110111000101000010011
11111111111111100011110010010101
00000000000000001111000011011111
11111111111111111011010110110000
11111111111111000000110010111100
11111111111110101101010111010110
11111111111111011001001010101101
00000000000000000101000111111000
11111111111111110010001001101010
11111111111110111000010110101100
11111111111110100101101110000101
11111111111111010010010110010111
11111111111111111111001010001010
11111111111111101101000100000110
11111111111110110100001010100011
11111111111110100010011100011011
11111111111111010000000000000000
11111111111111111101101111101101
11111111111111101100100101111010
11111111111110110100101000101111
11111111111110100011110110110111
11111111111111010010010110010111
00000000000000000001000001011000
11111111111111110000110010000011
11111111111110111001101110010100
11111111111110101001110100100101
11111111111111011001001010101101
00000000000000001000101010101000
11111111111111111001001110010010
11111111111111000010111011011001
11111111111110110011110000001100
11111111111111100011110010010101
00000000000000010011111011100101
00000000000000000101000101101111
11111111111111001111010110010101
11111111111111000000101011011110
11111111111111110001001010101101
00000000000000100001101101101011
00000000000000010011001110000011
11111111111111011101110001010011
11111111111111001111010101011110
00000000000000000000000000000000
00000000000000110000101010100010
00000000000000100010001110101101
11111111111111101100110001111101
11111111111111011110010010010101
00000000000000001110110101010011
00000000000000111111010100100010
00000000000000110000101001101011
11111111111111111010111010010001
11111111111111101100000100011011
00000000000000011100001101101011
00000000000001001100001111110100
00000000000000111101000100100111
00000000000000000110110001101110
11111111111111110111010101011000
00000000000000100110110101010011
00000000000001010110001011011011
00000000000001000110010001101100
00000000000000001111001101111101
11111111111111111110111110101000
00000000000000101101101001101001
00000000000001011100001001001001
00000000000001001011010111010001
00000000000000010011011010000110
00000000000000000010010000010011
00000000000000110000000000000000
00000000000001011101100011100101
00000000000001001011110101011101
00000000000000010010111011111010
00000000000000000000110101110110
00000000000000101101101001101001
00000000000001011010010001111011
00000000000001000111101001010100
00000000000000001101110110010110
11111111111111111010111000001000
00000000000000100110110101010011
00000000000001010010101000101010
00000000000000111111001101000100
00000000000000000100101001010000
11111111111111110000111100100001
00000000000000011100001101101011
00000000000001000111010111101101
00000000000000110011010101101000
11111111111111111000001110010100
11111111111111100100000001001111
00000000000000001110110101010011
00000000000000111001100101101000
00000000000000100101001101010100
11111111111111101001110011010110
11111111111111010101010111010000
00000000000000000000000000000000
00000000000000101010101000110000
00000000000000010110001100101010
11111111111111011010110010101100
11111111111111000110011010011000
11111111111111110001001010101101
00000000000000011011111110110001
00000000000000000111110001101100
11111111111111001100101010011000
11111111111110111000101000010011
11111111111111100011110010010101
00000000000000001111000011011111
11111111111111111011010110110000
11111111111111000000110010111100
11111111111110101101010111010110
11111111111111011001001010101101
00000000000000000101000111111000
11111111111111110010001001101010
11111111111110111000010110101100
11111111111110100101101110000101
11111111111111010010010110010111
11111111111111111111001010001010
11111111111111101101000100000110
11111111111110110100001010100011
11111111111110100010011100011011
11111111111111010000000000000000
11111111111111111101101111101101
11111111111111101100100101111010
11111111111110110100101000101111
11111111111110100011110110110111
11111111111111010010010110010111
00000000000000000001000001011000
11111111111111110000110010000011
11111111111110111001101110010100
11111111111110101001110100100101
11111111111111011001001010101101
00000000000000001000101010101000
11111111111111111001001110010010
11111111111111000010111011011001
11111111111110110011110000001100
11111111111111100011110010010101
00000000000000010011111011100101
00000000000000000101000101101111
11111111111111001111010110010101
11111111111111000000101011011110
11111111111111110001001010101101
00000000000000100001101101101011
00000000000000010011001110000011
11111111111111011101110001010011
11111111111111001111010101011110
00000000000000000000000000000000
00000000000000110000101010100010
00000000000000100010001110101101
11111111111111101100110001111101
11111111111111011110010010010101
00000000000000001110110101010011
00000000000000111111010100100010
00000000000000110000101001101011
11111111111111111010111010010001
11111111111111101100000100011011
00000000000000011100001101101011
00000000000001001100001111110100
00000000000000111101000100100111
00000000000000000110110001101110
11111111111111110111010101011000
00000000000000100110110101010011
00000000000001010110001011011011
00000000000001000110010001101100
00000000000000001111001101111101
11111111111111111110111110101000
00000000000000101101101001101001
00000000000001011100001001001001
00000000000001001011010111010001
00000000000000010011011010000110
00000000000000000010010000010011
00000000000000110000000000000000
00000000000001011101100011100101
00000000000001001011110101011101
00000000000000010010111011111010
00000000000000000000110101110110
00000000000000101101101001101001
00000000000001011010010001111011
00000000000001000111101001010100
00000000000000001101110110010110
11111111111111111010111000001000
00000000000000100110110101010011
00000000000001010010101000101010
00000000000000111111001101000100
00000000000000000100101001010000
11111111111111110000111100100001
00000000000000011100001101101011
00000000000001000111010111101101
00000000000000110011010101101000
11111111111111111000001110010100
11111111111111100100000001001111
00000000000000001110110101010011
00000000000000111001100101101000
00000000000000100101001101010100
11111111111111101001110011010110
11111111111111010101010111010000
00000000000000000000000000000000
00000000000000101010101000110000
00000000000000010110001100101010
11111111111111011010110010101100
11111111111111000110011010011000
11111111111111110001001010101101
00000000000000011011111110110001
00000000000000000111110001101100
11111111111111001100101010011000
11111111111110111000101000010011
11111111111111100011110010010101
00000000000000001111000011011111
11111111111111111011010110110000
11111111111111000000110010111100
11111111111110101101010111010110
11111111111111011001001010101101
00000000000000000101000111111000
11111111111111110010001001101010
11111111111110111000010110101100
11111111111110100101101110000101
11111111111111010010010110010111
11111111111111111111001010001010
11111111111111101101000100000110
11111111111110110100001010100011
11111111111110100010011100011011
11111111111111010000000000000000
11111111111111111101101111101101
11111111111111101100100101111010
11111111111110110100101000101111
11111111111110100011110110110111
11111111111111010010010110010111
00000000000000000001000001011000
11111111111111110000110010000011
11111111111110111001101110010100
11111111111110101001110100100101
11111111111111011001001010101101
00000000000000001000101010101000
11111111111111111001001110010010
11111111111111000010111011011001
11111111111110110011110000001100
11111111111111100011110010010101
00000000000000010011111011100101
00000000000000000101000101101111
11111111111111001111010110010101
11111111111111000000101011011110
11111111111111110001001010101101
00000000000000100001101101101011
00000000000000010011001110000011
11111111111111011101110001010011
11111111111111001111010101011110
00000000000000000000000000000000
00000000000000110000101010100010
00000000000000100010001110101101
11111111111111101100110001111101
11111111111111011110010010010101
00000000000000001110110101010011
00000000000000111111010100100010
00000000000000110000101001101011
11111111111111111010111010010001
11111111111111101100000100011011
00000000000000011100001101101011
00000000000001001100001111110100
00000000000000111101000100100111
00000000000000000110110001101110
11111111111111110111010101011000
00000000000000100110110101010011
00000000000001010110001011011011
00000000000001000110010001101100
00000000000000001111001101111101
11111111111111111110111110101000
00000000000000101101101001101001
00000000000001011100001001001001
00000000000001001011010111010001
00000000000000010011011010000110
00000000000000000010010000010011
00000000000000110000000000000000
00000000000001011101100011100101
00000000000001001011110101011101
00000000000000010010111011111010
00000000000000000000110101110110
00000000000000101101101001101001
00000000000001011010010001111011
00000000000001000111101001010100
00000000000000001101110110010110
11111111111111111010111000001000
00000000000000100110110101010011
00000000000001010010101000101010
00000000000000111111001101000100
00000000000000000100101001010000
11111111111111110000111100100001
00000000000000011100001101101011
00000000000001000111010111101101
00000000000000110011010101101000
11111111111111111000001110010100
11111111111111100100000001001111
00000000000000001110110101010011
00000000000000111001100101101000
00000000000000100101001101010100
11111111111111101001110011010110
11111111111111010101010111010000
00000000000000000000000000000000
00000000000000101010101000110000
00000000000000010110001100101010
11111111111111011010110010101100
11111111111111000110011010011000
11111111111111110001001010101101
00000000000000011011111110110001
00000000000000000111110001101100
11111111111111001100101010011000
11111111111110111000101000010011
11111111111111100011110010010101
00000000000000001111000011011111
11111111111111111011010110110000
11111111111111000000110010111100
11111111111110101101010111010110
11111111111111011001001010101101
00000000000000000101000111111000
11111111111111110010001001101010
11111111111110111000010110101100
11111111111110100101101110000101
11111111111111010010010110010111
11111111111111111111001010001010
11111111111111101101000100000110
11111111111110110100001010100011
11111111111110100010011100011011
11111111111111010000000000000000
11111111111111111101101111101101
11111111111111101100100101111010
11111111111110110100101000101111
11111111111110100011110110110111
11111111111111010010010110010111
00000000000000000001000001011000
11111111111111110000110010000011
11111111111110111001101110010100
11111111111110101001110100100101
11111111111111011001001010101101
00000000000000001000101010101000
11111111111111111001001110010010
11111111111111000010111011011001
11111111111110110011110000001100
11111111111111100011110010010101
00000000000000010011111011100101
00000000000000000101000101101111
11111111111111001111010110010101
11111111111111000000101011011110
11111111111111110001001010101101
00000000000000100001101101101011
00000000000000010011001110000011
11111111111111011101110001010011
11111111111111001111010101011110
00000000000000000000000000000000
00000000000000110000101010100010
00000000000000100010001110101101
11111111111111101100110001111101
11111111111111011110010010010101
00000000000000001110110101010011
00000000000000111111010100100010
00000000000000110000101001101011
11111111111111111010111010010001
11111111111111101100000100011011
00000000000000011100001101101011
00000000000001001100001111110100
00000000000000111101000100100111
00000000000000000110110001101110
11111111111111110111010101011000
00000000000000100110110101010011
00000000000001010110001011011011
00000000000001000110010001101100
00000000000000001111001101111101
11111111111111111110111110101000
00000000000000101101101001101001
00000000000001011100001001001001
00000000000001001011010111010001
00000000000000010011011010000110
00000000000000000010010000010011
00000000000000110000000000000000
00000000000001011101100011100101
00000000000001001011110101011101
00000000000000010010111011111010
00000000000000000000110101110110
00000000000000101101101001101001
00000000000001011010010001111011
00000000000001000111101001010100
00000000000000001101110110010110
11111111111111111010111000001000
00000000000000100110110101010011
00000000000001010010101000101010
00000000000000111111001101000100
00000000000000000100101001010000
11111111111111110000111100100001
00000000000000011100001101101011
00000000000001000111010111101101
00000000000000110011010101101000
11111111111111111000001110010100
11111111111111100100000001001111
00000000000000001110110101010011
00000000000000111001100101101000
00000000000000100101001101010100
11111111111111101001110011010110
11111111111111010101010111010000
00000000000000000000000000000000
00000000000000101010101000110000
00000000000000010110001100101010
11111111111111011010110010101100
11111111111111000110011010011000
11111111111111110001001010101101
00000000000000011011111110110001
00000000000000000111110001101100
11111111111111001100101010011000
11111111111110111000101000010011
11111111111111100011110010010101
00000000000000001111000011011111
11111111111111111011010110110000
11111111111111000000110010111100
11111111111110101101010111010110
11111111111111011001001010101101
00000000000000000101000111111000
11111111111111110010001001101010
11111111111110111000010110101100
11111111111110100101101110000101
11111111111111010010010110010111
11111111111111111111001010001010
11111111111111101101000100000110
11111111111110110100001010100011
11111111111110100010011100011011
11111111111111010000000000000000
11111111111111111101101111101101
11111111111111101100100101111010
11111111111110110100101000101111
11111111111110100011110110110111
11111111111111010010010110010111
00000000000000000001000001011000
11111111111111110000110010000011
11111111111110111001101110010100
11111111111110101001110100100101
11111111111111011001001010101101
00000000000000001000101010101000
11111111111111111001001110010010
11111111111111000010111011011001
11111111111110110011110000001100
11111111111111100011110010010101
00000000000000010011111011100101
00000000000000000101000101101111
11111111111111001111010110010101
11111111111111000000101011011110
11111111111111110001001010101101
00000000000000100001101101101011
00000000000000010011001110000011
11111111111111011101110001010011
11111111111111001111010101011110
00000000000000000000000000000000
00000000000000110000101010100010
00000000000000100010001110101101
11111111111111101100110001111101
11111111111111011110010010010101
00000000000000001110110101010011
00000000000000111111010100100010
00000000000000110000101001101011
11111111111111111010111010010001
11111111111111101100000100011011
00000000000000011100001101101011
00000000000001001100001111110100
00000000000000111101000100100111
00000000000000000110110001101110
11111111111111110111010101011000
00000000000000100110110101010011
00000000000001010110001011011011
00000000000001000110010001101100
00000000000000001111001101111101
11111111111111111110111110101000
00000000000000101101101001101001
00000000000001011100001001001001
00000000000001001011010111010001
00000000000000010011011010000110
00000000000000000010010000010011
00000000000000110000000000000000
00000000000001011101100011100101
00000000000001001011110101011101
00000000000000010010111011111010
00000000000000000000110101110110
00000000000000101101101001101001
00000000000001011010010001111011
00000000000001000111101001010100
00000000000000001101110110010110
11111111111111111010111000001000
00000000000000100110110101010011
00000000000001010010101000101010
00000000000000111111001101000100
00000000000000000100101001010000
11111111111111110000111100100001
00000000000000011100001101101011
00000000000001000111010111101101
00000000000000110011010101101000
11111111111111111000001110010100
11111111111111100100000001001111
00000000000000001110110101010011
00000000000000111001100101101000
00000000000000100101001101010100
11111111111111101001110011010110
11111111111111010101010111010000
00000000000000000000000000000000
00000000000000101010101000110000
00000000000000010110001100101010
11111111111111011010110010101100
11111111111111000110011010011000
11111111111111110001001010101101
00000000000000011011111110110001
00000000000000000111110001101100
11111111111111001100101010011000
11111111111110111000101000010011
11111111111111100011110010010101
00000000000000001111000011011111
11111111111111111011010110110000
11111111111111000000110010111100
11111111111110101101010111010110
11111111111111011001001010101101
00000000000000000101000111111000
11111111111111110010001001101010
11111111111110111000010110101100
11111111111110100101101110000101
11111111111111010010010110010111
11111111111111111111001010001010
11111111111111101101000100000110
11111111111110110100001010100011
11111111111110100010011100011011
11111111111111010000000000000000
11111111111111111101101111101101
11111111111111101100100101111010
11111111111110110100101000101111
11111111111110100011110110110111
11111111111111010010010110010111
00000000000000000001000001011000
11111111111111110000110010000011
11111111111110111001101110010100
11111111111110101001110100100101
11111111111111011001001010101101
00000000000000001000101010101000
11111111111111111001001110010010
11111111111111000010111011011001
11111111111110110011110000001100
11111111111111100011110010010101
00000000000000010011111011100101
00000000000000000101000101101111
11111111111111001111010110010101
11111111111111000000101011011110
11111111111111110001001010101101
00000000000000100001101101101011
00000000000000010011001110000011
11111111111111011101110001010011
11111111111111001111010101011110
00000000000000000000000000000000
00000000000000110000101010100010
00000000000000100010001110101101
11111111111111101100110001111101
11111111111111011110010010010101
00000000000000001110110101010011
00000000000000111111010100100010
00000000000000110000101001101011
11111111111111111010111010010001
11111111111111101100000100011011
00000000000000011100001101101011
00000000000001001100001111110100
00000000000000111101000100100111
00000000000000000110110001101110
11111111111111110111010101011000
00000000000000100110110101010011
00000000000001010110001011011011
00000000000001000110010001101100
00000000000000001111001101111101
11111111111111111110111110101000
00000000000000101101101001101001
00000000000001011100001001001001
00000000000001001011010111010001
00000000000000010011011010000110
00000000000000000010010000010011
00000000000000110000000000000000
00000000000001011101100011100101
00000000000001001011110101011101
00000000000000010010111011111010
00000000000000000000110101110110
00000000000000101101101001101001
00000000000001011010010001111011
00000000000001000111101001010100
00000000000000001101110110010110
11111111111111111010111000001000
00000000000000100110110101010011
00000000000001010010101000101010
00000000000000111111001101000100
00000000000000000100101001010000
11111111111111110000111100100001
00000000000000011100001101101011
00000000000001000111010111101101
00000000000000110011010101101000
11111111111111111000001110010100
11111111111111100100000001001111
00000000000000001110110101010011
00000000000000111001100101101000
00000000000000100101001101010100
11111111111111101001110011010110
11111111111111010101010111010000
00000000000000000000000000000000
00000000000000101010101000110000
00000000000000010110001100101010
11111111111111011010110010101100
11111111111111000110011010011000
11111111111111110001001010101101
00000000000000011011111110110001
00000000000000000111110001101100
11111111111111001100101010011000
11111111111110111000101000010011
11111111111111100011110010010101
00000000000000001111000011011111
11111111111111111011010110110000
11111111111111000000110010111100
11111111111110101101010111010110
11111111111111011001001010101101
00000000000000000101000111111000
11111111111111110010001001101010
11111111111110111000010110101100
11111111111110100101101110000101
11111111111111010010010110010111
11111111111111111111001010001010
11111111111111101101000100000110
11111111111110110100001010100011
11111111111110100010011100011011
11111111111111010000000000000000
11111111111111111101101111101101
11111111111111101100100101111010
11111111111110110100101000101111
11111111111110100011110110110111
11111111111111010010010110010111
00000000000000000001000001011000
11111111111111110000110010000011
11111111111110111001101110010100
11111111111110101001110100100101
11111111111111011001001010101101
00000000000000001000101010101000
11111111111111111001001110010010
11111111111111000010111011011001
11111111111110110011110000001100
11111111111111100011110010010101
00000000000000010011111011100101
00000000000000000101000101101111
11111111111111001111010110010101
11111111111111000000101011011110
11111111111111110001001010101101
00000000000000100001101101101011
00000000000000010011001110000011
11111111111111011101110001010011
11111111111111001111010101011110
00000000000000000000000000000000
00000000000000110000101010100010
00000000000000100010001110101101
11111111111111101100110001111101
11111111111111011110010010010101
00000000000000001110110101010011
00000000000000111111010100100010
00000000000000110000101001101011
11111111111111111010111010010001
11111111111111101100000100011011
00000000000000011100001101101011
00000000000001001100001111110100
00000000000000111101000100100111
00000000000000000110110001101110
11111111111111110111010101011000
00000000000000100110110101010011
00000000000001010110001011011011
00000000000001000110010001101100
00000000000000001111001101111101
11111111111111111110111110101000
00000000000000101101101001101001
00000000000001011100001001001001
00000000000001001011010111010001
00000000000000010011011010000110
00000000000000000010010000010011
00000000000000110000000000000000
00000000000001011101100011100101
00000000000001001011110101011101
00000000000000010010111011111010
00000000000000000000110101110110
00000000000000101101101001101001
00000000000001011010010001111011
00000000000001000111101001010100
00000000000000001101110110010110
11111111111111111010111000001000
00000000000000100110110101010011
00000000000001010010101000101010
00000000000000111111001101000100
00000000000000000100101001010000
11111111111111110000111100100001
00000000000000011100001101101011
00000000000001000111010111101101
00000000000000110011010101101000
11111111111111111000001110010100
11111111111111100100000001001111
00000000000000001110110101010011
00000000000000111001100101101000
00000000000000100101001101010100
11111111111111101001110011010110
11111111111111010101010111010000
00000000000000000000000000000000
00000000000000101010101000110000
00000000000000010110001100101010
11111111111111011010110010101100
11111111111111000110011010011000
11111111111111110001001010101101
00000000000000011011111110110001
00000000000000000111110001101100
11111111111111001100101010011000
11111111111110111000101000010011
11111111111111100011110010010101
00000000000000001111000011011111
11111111111111111011010110110000
11111111111111000000110010111100
11111111111110101101010111010110
11111111111111011001001010101101
00000000000000000101000111111000
11111111111111110010001001101010
11111111111110111000010110101100
11111111111110100101101110000101
11111111111111010010010110010111
11111111111111111111001010001010
11111111111111101101000100000110
11111111111110110100001010100011
11111111111110100010011100011011
11111111111111010000000000000000
11111111111111111101101111101101
11111111111111101100100101111010
11111111111110110100101000101111
11111111111110100011110110110111
11111111111111010010010110010111
00000000000000000001000001011000
11111111111111110000110010000011
11111111111110111001101110010100
11111111111110101001110100100101
11111111111111011001001010101101
00000000000000001000101010101000
11111111111111111001001110010010
11111111111111000010111011011001
11111111111110110011110000001100
11111111111111100011110010010101
00000000000000010011111011100101
00000000000000000101000101101111
11111111111111001111010110010101
11111111111111000000101011011110
11111111111111110001001010101101
00000000000000100001101101101011
00000000000000010011001110000011
11111111111111011101110001010011
11111111111111001111010101011110
00000000000000000000000000000000
00000000000000110000101010100010
00000000000000100010001110101101
11111111111111101100110001111101
11111111111111011110010010010101
00000000000000001110110101010011
00000000000000111111010100100010
00000000000000110000101001101011
11111111111111111010111010010001
11111111111111101100000100011011
00000000000000011100001101101011
00000000000001001100001111110100
00000000000000111101000100100111
00000000000000000110110001101110
11111111111111110111010101011000
00000000000000100110110101010011
00000000000001010110001011011011
00000000000001000110010001101100
00000000000000001111001101111101
11111111111111111110111110101000
00000000000000101101101001101001
00000000000001011100001001001001
00000000000001001011010111010001
00000000000000010011011010000110
