00000000000000000000000000000000
00000000000000000000000000000000
00000000000000000111100111011111
00000000000000001110010110110110
00000000000000010100010100000011
00000000000000011001100100011001
00000000000000011110001100101011
00000000000000100010010001001001
00000000000000100101110101100110
00000000000000101000111101011101
00000000000000101011101011110010
00000000000000101110000011010011
00000000000000110000000110011101
00000000000000110001110111011011
00000000000000110011011000001010
00000000000000110100101010011011
00000000000000110101101111110010
00000000000000110110101001101000
00000000000000110111011001001110
00000000000000110111111111101011
00000000000000111000011101111111
00000000000000111000110101000100
00000000000000111001000101101100
00000000000000111001010000100111
00000000000000111001010110011101
00000000000000111001010111110010
00000000000000111001010101000111
00000000000000111001001110111011
00000000000000111001000101100110
00000000000000111000111001100001
00000000000000111000101011000000
00000000000000111000011010010110
00000000000000111000000111110100
00000000000000110111110011101000
00000000000000110111011110000001
00000000000000110111000111001010
00000000000000110110101111001101
00000000000000110110010110010101
00000000000000110101111100101001
00000000000000110101100010010010
00000000000000110101000111010110
00000000000000110100101011111010
00000000000000110100010000000101
00000000000000110011110011111100
00000000000000110011010111100001
00000000000000110010111010111010
00000000000000110010011110001010
00000000000000110010000001010011
00000000000000110001100100011001
00000000000000110001000111011101
00000000000000110000101010100010
00000000000000110000001101101001
00000000000000101111110000110101
00000000000000101111010100000110
00000000000000101110110111011110
00000000000000101110011010111111
00000000000000101101111110101000
00000000000000101101100010011011
00000000000000101101000110011001
00000000000000101100101010100011
00000000000000101100001110111000
00000000000000101011110011011010
00000000000000101011011000001000
00000000000000101010111101000100
00000000000000101010100010001101
00000000000000101010000111100100
00000000000000101001101101001001
00000000000000101001010010111100
00000000000000101000111000111101
00000000000000101000011111001101
00000000000000101000000101101011
00000000000000100111101100011000
00000000000000100111010011010011
00000000000000100110111010011101
00000000000000100110100001110110
00000000000000100110001001011101
00000000000000100101110001010010
00000000000000100101011001010110
00000000000000100101000001101001
00000000000000100100101010001010
00000000000000100100010010111001
00000000000000100011111011110111
00000000000000100011100101000011
00000000000000100011001110011100
00000000000000100010111000000100
00000000000000100010100001111010
00000000000000100010001011111101
00000000000000100001110110001111
00000000000000100001100000101101
00000000000000100001001011011001
00000000000000100000110110010011
00000000000000100000100001011010
00000000000000100000001100101110
00000000000000011111111000001111
00000000000000011111100011111101
00000000000000011111001111110111
00000000000000011110111011111111
00000000000000011110101000010011
00000000000000011110010100110011
00000000000000011110000001100000
00000000000000011101101110011001
00000000000000011101011011011110
00000000000000011101001000101111
00000000000000011100110110001100
00000000000000011100100011110101
00000000000000011100010001101001
00000000000000011011111111101001
00000000000000011011101101110100
00000000000000011011011100001011
00000000000000011011001010101101
00000000000000011010111001011010
00000000000000011010101000010010
00000000000000011010010111010100
00000000000000011010000110100010
00000000000000011001110101111010
00000000000000011001100101011101
00000000000000011001010101001011
00000000000000011001000101000010
00000000000000011000110101000100
00000000000000011000100101010000
00000000000000011000010101100111
00000000000000011000000110000111
00000000000000010111110110110001
00000000000000010111100111100101
00000000000000010111011000100010
00000000000000010111001001101001
00000000000000010110111010111010
00000000000000010110101100010011
00000000000000010110011101110111
00000000000000010110001111100011
00000000000000010110000001011001
00000000000000010101110011010111
00000000000000010101100101011110
00000000000000010101010111101111
00000000000000010101001010001000
00000000000000010100111100101001
00000000000000010100101111010100
00000000000000010100100010000111
00000000000000010100010101000010
00000000000000010100001000000101
00000000000000010011111011010001
00000000000000010011101110100101
00000000000000010011100010000001
00000000000000010011010101100101
00000000000000010011001001010001
00000000000000010010111101000100
00000000000000010010110001000000
00000000000000010010100101000011
00000000000000010010011001001110
00000000000000010010001101100000
00000000000000010010000001111010
00000000000000010001110110011011
00000000000000010001101011000100
00000000000000010001011111110011
00000000000000010001010100101010
00000000000000010001001001101000
00000000000000010000111110101101
00000000000000010000110011111001
00000000000000010000101001001100
00000000000000010000011110100110
00000000000000010000010100000110
00000000000000010000001001101101
00000000000000001111111111011011
00000000000000001111110101001111
00000000000000001111101011001010
00000000000000001111100001001011
00000000000000001111010111010011
00000000000000001111001101100001
00000000000000001111000011110101
00000000000000001110111010001111
00000000000000001110110000101111
00000000000000001110100111010110
00000000000000001110011110000010
00000000000000001110010100110100
00000000000000001110001011101101
00000000000000001110000010101011
00000000000000001101111001101110
00000000000000001101110000111000
00000000000000001101101000000111
00000000000000001101011111011011
00000000000000001101010110110110
00000000000000001101001110010101
00000000000000001101000101111010
00000000000000001100111101100101
00000000000000001100110101010100
00000000000000001100101101001001
00000000000000001100100101000011
00000000000000001100011101000011
00000000000000001100010101000111
00000000000000001100001101010001
00000000000000001100000101011111
00000000000000001011111101110011
00000000000000001011110110001011
00000000000000001011101110101000
00000000000000001011100111001010
00000000000000001011011111110001
00000000000000001011011000011100
00000000000000001011010001001100
00000000000000001011001010000001
00000000000000001011000010111011
00000000000000001010111011111000
00000000000000001010110100111011
00000000000000001010101110000001
00000000000000001010100111001101
00000000000000001010100000011100
00000000000000001010011001110000
00000000000000001010010011001000
00000000000000001010001100100100
00000000000000001010000110000101
00000000000000001001111111101001
00000000000000001001111001010010
00000000000000001001110010111111
00000000000000001001101100101111
00000000000000001001100110100100
00000000000000001001100000011101
00000000000000001001011010011001
00000000000000001001010100011010
00000000000000001001001110011110
00000000000000001001001000100110
00000000000000001001000010110001
00000000000000001000111101000001
00000000000000001000110111010100
00000000000000001000110001101011
00000000000000001000101100000101
00000000000000001000100110100011
00000000000000001000100001000100
00000000000000001000011011101001
00000000000000001000010110010010
00000000000000001000010000111101
00000000000000001000001011101100
00000000000000001000000110011111
00000000000000001000000001010101
00000000000000000111111100001110
00000000000000000111110111001010
00000000000000000111110010001010
00000000000000000111101101001101
00000000000000000111101000010011
00000000000000000111100011011100
00000000000000000111011110101000
00000000000000000111011001110111
00000000000000000111010101001001
00000000000000000111010000011110
00000000000000000111001011110111
00000000000000000111000111010010
00000000000000000111000010110000
00000000000000000110111110010001
00000000000000000110111001110101
00000000000000000110110101011011
00000000000000000110110001000101
00000000000000000110101100110001
00000000000000000110101000100000
00000000000000000110100100010010
00000000000000000110100000000110
00000000000000000110011011111101
00000000000000000110010111110111
00000000000000000110010011110011
00000000000000000110001111110010
00000000000000000110001011110011
00000000000000000110000111110111
00000000000000000110000011111110
00000000000000000110000000000111
00000000000000000101111100010010
00000000000000000101111000100000
00000000000000000101110100110000
00000000000000000101110001000011
00000000000000000101101101011000
00000000000000000101101001101111
00000000000000000101100110001001
00000000000000000101100010100101
00000000000000000101011111000011
00000000000000000101011011100011
00000000000000000101011000000110
00000000000000000101010100101011
00000000000000000101010001010010
00000000000000000101001101111011
00000000000000000101001010100110
00000000000000000101000111010100
00000000000000000101000100000011
00000000000000000101000000110101
00000000000000000100111101101001
00000000000000000100111010011111
00000000000000000100110111010110
00000000000000000100110100010000
00000000000000000100110001001100
00000000000000000100101110001001
00000000000000000100101011001001
00000000000000000100101000001010
00000000000000000100100101001110
00000000000000000100100010010011
00000000000000000100011111011010
00000000000000000100011100100011
00000000000000000100011001101110
00000000000000000100010110111011
00000000000000000100010100001001
00000000000000000100010001011001
00000000000000000100001110101011
00000000000000000100001011111111
00000000000000000100001001010100
00000000000000000100000110101011
00000000000000000100000100000100
00000000000000000100000001011110
00000000000000000011111110111010
00000000000000000011111100011000
00000000000000000011111001110111
00000000000000000011110111011000
00000000000000000011110100111011
00000000000000000011110010011111
00000000000000000011110000000100
00000000000000000011101101101011
00000000000000000011101011010100
00000000000000000011101000111110
00000000000000000011100110101010
00000000000000000011100100010111
00000000000000000011100010000101
00000000000000000011011111110101
00000000000000000011011101100111
00000000000000000011011011011010
00000000000000000011011001001110
00000000000000000011010111000100
00000000000000000011010100111011
00000000000000000011010010110011
00000000000000000011010000101101
00000000000000000011001110101000
00000000000000000011001100100100
00000000000000000011001010100010
00000000000000000011001000100001
00000000000000000011000110100010
00000000000000000011000100100011
00000000000000000011000010100110
00000000000000000011000000101010
00000000000000000010111110101111
00000000000000000010111100110110
00000000000000000010111010111110
00000000000000000010111001000111
00000000000000000010110111010001
00000000000000000010110101011100
00000000000000000010110011101000
00000000000000000010110001110110
00000000000000000010110000000101
00000000000000000010101110010101
00000000000000000010101100100110
00000000000000000010101010111000
00000000000000000010101001001011
00000000000000000010100111011111
00000000000000000010100101110101
00000000000000000010100100001011
00000000000000000010100010100010
00000000000000000010100000111011
00000000000000000010011111010100
00000000000000000010011101101111
00000000000000000010011100001011
00000000000000000010011010100111
00000000000000000010011001000101
00000000000000000010010111100011
00000000000000000010010110000011
00000000000000000010010100100011
00000000000000000010010011000100
00000000000000000010010001100111
00000000000000000010010000001010
00000000000000000010001110101110
00000000000000000010001101010011
00000000000000000010001011111001
00000000000000000010001010100000
00000000000000000010001001001000
00000000000000000010000111110001
00000000000000000010000110011010
00000000000000000010000101000101
00000000000000000010000011110000
00000000000000000010000010011100
00000000000000000010000001001001
00000000000000000001111111110111
00000000000000000001111110100101
00000000000000000001111101010101
00000000000000000001111100000101
00000000000000000001111010110110
00000000000000000001111001101000
00000000000000000001111000011010
00000000000000000001110111001110
00000000000000000001110110000010
00000000000000000001110100110111
00000000000000000001110011101100
00000000000000000001110010100010
00000000000000000001110001011010
00000000000000000001110000010001
00000000000000000001101111001010
00000000000000000001101110000011
00000000000000000001101100111101
00000000000000000001101011111000
00000000000000000001101010110011
00000000000000000001101001101111
00000000000000000001101000101100
00000000000000000001100111101001
00000000000000000001100110100111
00000000000000000001100101100110
00000000000000000001100100100101
00000000000000000001100011100101
00000000000000000001100010100101
00000000000000000001100001100111
00000000000000000001100000101000
00000000000000000001011111101011
00000000000000000001011110101110
00000000000000000001011101110010
00000000000000000001011100110110
00000000000000000001011011111011
00000000000000000001011011000000
00000000000000000001011010000110
00000000000000000001011001001101
00000000000000000001011000010100
00000000000000000001010111011100
00000000000000000001010110100100
00000000000000000001010101101101
00000000000000000001010100110111
00000000000000000001010100000000
00000000000000000001010011001011
00000000000000000001010010010110
00000000000000000001010001100010
00000000000000000001010000101110
00000000000000000001001111111010
00000000000000000001001111000111
00000000000000000001001110010101
00000000000000000001001101100011
00000000000000000001001100110010
00000000000000000001001100000001
00000000000000000001001011010000
00000000000000000001001010100001
00000000000000000001001001110001
00000000000000000001001001000010
00000000000000000001001000010100
00000000000000000001000111100110
00000000000000000001000110111000
00000000000000000001000110001011
00000000000000000001000101011110
00000000000000000001000100110010
00000000000000000001000100000110
00000000000000000001000011011011
00000000000000000001000010110000
00000000000000000001000010000101
00000000000000000001000001011011
00000000000000000001000000110010
00000000000000000001000000001000
00000000000000000000111111011111
00000000000000000000111110110111
00000000000000000000111110001111
00000000000000000000111101100111
00000000000000000000111101000000
00000000000000000000111100011001
00000000000000000000111011110011
00000000000000000000111011001101
00000000000000000000111010100111
00000000000000000000111010000010
00000000000000000000111001011101
00000000000000000000111000111000
00000000000000000000111000010100
00000000000000000000110111110000
00000000000000000000110111001101
00000000000000000000110110101001
00000000000000000000110110000111
00000000000000000000110101100100
00000000000000000000110101000010
00000000000000000000110100100000
00000000000000000000110011111111
00000000000000000000110011011110
00000000000000000000110010111101
00000000000000000000110010011101
00000000000000000000110001111100
00000000000000000000110001011101
00000000000000000000110000111101
00000000000000000000110000011110
00000000000000000000101111111111
00000000000000000000101111100001
00000000000000000000101111000010
00000000000000000000101110100100
00000000000000000000101110000111
00000000000000000000101101101001
00000000000000000000101101001100
00000000000000000000101100101111
00000000000000000000101100010011
00000000000000000000101011110111
00000000000000000000101011011011
00000000000000000000101010111111
00000000000000000000101010100100
00000000000000000000101010001001
00000000000000000000101001101110
00000000000000000000101001010011
00000000000000000000101000111001
00000000000000000000101000011111
00000000000000000000101000000101
00000000000000000000100111101100
00000000000000000000100111010010
00000000000000000000100110111001
00000000000000000000100110100001
00000000000000000000100110001000
00000000000000000000100101110000
00000000000000000000100101011000
00000000000000000000100101000000
00000000000000000000100100101000
00000000000000000000100100010001
00000000000000000000100011111010
00000000000000000000100011100011
00000000000000000000100011001100
00000000000000000000100010110110
00000000000000000000100010100000
00000000000000000000100010001010
00000000000000000000100001110100
00000000000000000000100001011111
00000000000000000000100001001001
00000000000000000000100000110100
00000000000000000000100000011111
00000000000000000000100000001011
00000000000000000000011111110110
00000000000000000000011111100010
00000000000000000000011111001110
00000000000000000000011110111010
00000000000000000000011110100110
00000000000000000000011110010011
00000000000000000000011101111111
00000000000000000000011101101100
00000000000000000000011101011001
00000000000000000000011101000111
00000000000000000000011100110100
00000000000000000000011100100010
00000000000000000000011100010000
00000000000000000000011011111110
00000000000000000000011011101100
00000000000000000000011011011010
00000000000000000000011011001001
00000000000000000000011010111000
00000000000000000000011010100110
00000000000000000000011010010101
00000000000000000000011010000101
00000000000000000000011001110100
00000000000000000000011001100100
00000000000000000000011001010011
00000000000000000000011001000011
00000000000000000000011000110011
00000000000000000000011000100100
00000000000000000000011000010100
00000000000000000000011000000100
00000000000000000000010111110101
00000000000000000000010111100110
00000000000000000000010111010111
00000000000000000000010111001000
00000000000000000000010110111001
00000000000000000000010110101011
00000000000000000000010110011100
00000000000000000000010110001110
00000000000000000000010110000000
00000000000000000000010101110010
00000000000000000000010101100100
00000000000000000000010101010110
00000000000000000000010101001001
00000000000000000000010100111011
00000000000000000000010100101110
00000000000000000000010100100001
00000000000000000000010100010100
00000000000000000000010100000111
00000000000000000000010011111010
00000000000000000000010011101101
00000000000000000000010011100001
00000000000000000000010011010100
00000000000000000000010011001000
00000000000000000000010010111100
00000000000000000000010010110000
00000000000000000000010010100100
00000000000000000000010010011000
00000000000000000000010010001100
00000000000000000000010010000001
00000000000000000000010001110101
00000000000000000000010001101010
00000000000000000000010001011111
00000000000000000000010001010011
00000000000000000000010001001000
00000000000000000000010000111101
00000000000000000000010000110011
00000000000000000000010000101000
00000000000000000000010000011101
00000000000000000000010000010011
00000000000000000000010000001001
00000000000000000000001111111110
00000000000000000000001111110100
00000000000000000000001111101010
00000000000000000000001111100000
00000000000000000000001111010110
00000000000000000000001111001100
00000000000000000000001111000011
00000000000000000000001110111001
00000000000000000000001110110000
00000000000000000000001110100110
00000000000000000000001110011101
00000000000000000000001110010100
00000000000000000000001110001011
00000000000000000000001110000010
00000000000000000000001101111001
00000000000000000000001101110000
00000000000000000000001101100111
00000000000000000000001101011110
00000000000000000000001101010110
00000000000000000000001101001101
00000000000000000000001101000101
00000000000000000000001100111101
00000000000000000000001100110100
00000000000000000000001100101100
00000000000000000000001100100100
00000000000000000000001100011100
00000000000000000000001100010100
00000000000000000000001100001100
00000000000000000000001100000101
00000000000000000000001011111101
00000000000000000000001011110101
00000000000000000000001011101110
00000000000000000000001011100110
00000000000000000000001011011111
00000000000000000000001011011000
00000000000000000000001011010000
00000000000000000000001011001001
00000000000000000000001011000010
00000000000000000000001010111011
00000000000000000000001010110100
00000000000000000000001010101101
00000000000000000000001010100110
00000000000000000000001010100000
00000000000000000000001010011001
00000000000000000000001010010010
00000000000000000000001010001100
00000000000000000000001010000101
00000000000000000000001001111111
00000000000000000000001001111001
00000000000000000000001001110010
00000000000000000000001001101100
00000000000000000000001001100110
00000000000000000000001001100000
00000000000000000000001001011010
00000000000000000000001001010100
00000000000000000000001001001110
00000000000000000000001001001000
00000000000000000000001001000010
00000000000000000000001000111100
00000000000000000000001000110111
00000000000000000000001000110001
00000000000000000000001000101011
00000000000000000000001000100110
00000000000000000000001000100000
00000000000000000000001000011011
00000000000000000000001000010110
00000000000000000000001000010000
00000000000000000000001000001011
00000000000000000000001000000110
00000000000000000000001000000001
00000000000000000000000111111100
00000000000000000000000111110111
00000000000000000000000111110010
00000000000000000000000111101101
00000000000000000000000111101000
00000000000000000000000111100011
00000000000000000000000111011110
00000000000000000000000111011001
00000000000000000000000111010101
00000000000000000000000111010000
00000000000000000000000111001011
00000000000000000000000111000111
00000000000000000000000111000010
00000000000000000000000110111110
00000000000000000000000110111001
00000000000000000000000110110101
00000000000000000000000110110001
00000000000000000000000110101100
00000000000000000000000110101000
00000000000000000000000110100100
00000000000000000000000110100000
00000000000000000000000110011011
00000000000000000000000110010111
00000000000000000000000110010011
00000000000000000000000110001111
00000000000000000000000110001011
00000000000000000000000110000111
00000000000000000000000110000100
00000000000000000000000110000000
00000000000000000000000101111100
00000000000000000000000101111000
00000000000000000000000101110100
00000000000000000000000101110001
00000000000000000000000101101101
00000000000000000000000101101001
00000000000000000000000101100110
00000000000000000000000101100010
00000000000000000000000101011111
00000000000000000000000101011011
00000000000000000000000101011000
00000000000000000000000101010100
00000000000000000000000101010001
00000000000000000000000101001110
00000000000000000000000101001010
00000000000000000000000101000111
00000000000000000000000101000100
00000000000000000000000101000000
00000000000000000000000100111101
00000000000000000000000100111010
00000000000000000000000100110111
00000000000000000000000100110100
00000000000000000000000100110001
00000000000000000000000100101110
00000000000000000000000100101011
00000000000000000000000100101000
00000000000000000000000100100101
00000000000000000000000100100010
00000000000000000000000100011111
00000000000000000000000100011100
00000000000000000000000100011001
00000000000000000000000100010111
00000000000000000000000100010100
00000000000000000000000100010001
00000000000000000000000100001110
00000000000000000000000100001100
00000000000000000000000100001001
00000000000000000000000100000110
00000000000000000000000100000100
00000000000000000000000100000001
00000000000000000000000011111111
00000000000000000000000011111100
00000000000000000000000011111010
00000000000000000000000011110111
00000000000000000000000011110101
00000000000000000000000011110010
00000000000000000000000011110000
00000000000000000000000011101101
00000000000000000000000011101011
00000000000000000000000011101001
00000000000000000000000011100110
00000000000000000000000011100100
00000000000000000000000011100010
00000000000000000000000011100000
00000000000000000000000011011101
00000000000000000000000011011011
00000000000000000000000011011001
00000000000000000000000011010111
00000000000000000000000011010101
00000000000000000000000011010011
00000000000000000000000011010000
00000000000000000000000011001110
00000000000000000000000011001100
00000000000000000000000011001010
00000000000000000000000011001000
00000000000000000000000011000110
00000000000000000000000011000100
00000000000000000000000011000010
00000000000000000000000011000000
00000000000000000000000010111111
00000000000000000000000010111101
00000000000000000000000010111011
00000000000000000000000010111001
00000000000000000000000010110111
00000000000000000000000010110101
00000000000000000000000010110011
00000000000000000000000010110010
00000000000000000000000010110000
00000000000000000000000010101110
00000000000000000000000010101100
00000000000000000000000010101011
00000000000000000000000010101001
00000000000000000000000010100111
00000000000000000000000010100110
00000000000000000000000010100100
00000000000000000000000010100010
00000000000000000000000010100001
00000000000000000000000010011111
00000000000000000000000010011110
00000000000000000000000010011100
00000000000000000000000010011010
00000000000000000000000010011001
00000000000000000000000010010111
00000000000000000000000010010110
00000000000000000000000010010100
00000000000000000000000010010011
00000000000000000000000010010001
00000000000000000000000010010000
00000000000000000000000010001111
00000000000000000000000010001101
00000000000000000000000010001100
00000000000000000000000010001010
00000000000000000000000010001001
00000000000000000000000010001000
00000000000000000000000010000110
00000000000000000000000010000101
00000000000000000000000010000100
00000000000000000000000010000010
00000000000000000000000010000001
00000000000000000000000010000000
00000000000000000000000001111110
00000000000000000000000001111101
00000000000000000000000001111100
00000000000000000000000001111011
00000000000000000000000001111001
00000000000000000000000001111000
00000000000000000000000001110111
00000000000000000000000001110110
00000000000000000000000001110101
00000000000000000000000001110100
00000000000000000000000001110010
00000000000000000000000001110001
00000000000000000000000001110000
00000000000000000000000001101111
00000000000000000000000001101110
00000000000000000000000001101101
00000000000000000000000001101100
00000000000000000000000001101011
00000000000000000000000001101010
00000000000000000000000001101001
00000000000000000000000001101000
00000000000000000000000001100110
00000000000000000000000001100101
00000000000000000000000001100100
00000000000000000000000001100011
00000000000000000000000001100010
00000000000000000000000001100001
00000000000000000000000001100001
00000000000000000000000001100000
00000000000000000000000001011111
00000000000000000000000001011110
00000000000000000000000001011101
00000000000000000000000001011100
00000000000000000000000001011011
00000000000000000000000001011010
00000000000000000000000001011001
00000000000000000000000001011000
00000000000000000000000001010111
00000000000000000000000001010110
00000000000000000000000001010110
00000000000000000000000001010101
00000000000000000000000001010100
00000000000000000000000001010011
00000000000000000000000001010010
00000000000000000000000001010001
00000000000000000000000001010001
00000000000000000000000001010000
00000000000000000000000001001111
00000000000000000000000001001110
00000000000000000000000001001101
00000000000000000000000001001101
00000000000000000000000001001100
00000000000000000000000001001011
00000000000000000000000001001010
00000000000000000000000001001010
00000000000000000000000001001001
00000000000000000000000001001000
00000000000000000000000001001000
00000000000000000000000001000111
00000000000000000000000001000110
00000000000000000000000001000101
00000000000000000000000001000101
00000000000000000000000001000100
00000000000000000000000001000011
00000000000000000000000001000011
00000000000000000000000001000010
00000000000000000000000001000001
00000000000000000000000001000001
00000000000000000000000001000000
00000000000000000000000000111111
00000000000000000000000000111111
00000000000000000000000000111110
00000000000000000000000000111110
00000000000000000000000000111101
00000000000000000000000000111100
00000000000000000000000000111100
00000000000000000000000000111011
00000000000000000000000000111011
00000000000000000000000000111010
00000000000000000000000000111001
00000000000000000000000000111001
00000000000000000000000000111000
00000000000000000000000000111000
00000000000000000000000000110111
00000000000000000000000000110111
00000000000000000000000000110110
00000000000000000000000000110110
00000000000000000000000000110101
00000000000000000000000000110100
00000000000000000000000000110100
00000000000000000000000000110011
00000000000000000000000000110011
00000000000000000000000000110010
00000000000000000000000000110010
00000000000000000000000000110001
00000000000000000000000000110001
00000000000000000000000000110000
00000000000000000000000000110000
00000000000000000000000000101111
00000000000000000000000000101111
00000000000000000000000000101111
00000000000000000000000000101110
00000000000000000000000000101110
00000000000000000000000000101101
00000000000000000000000000101101
00000000000000000000000000101100
00000000000000000000000000101100
00000000000000000000000000101011
00000000000000000000000000101011
00000000000000000000000000101011
00000000000000000000000000101010
00000000000000000000000000101010
00000000000000000000000000101001
00000000000000000000000000101001
00000000000000000000000000101000
00000000000000000000000000101000
00000000000000000000000000101000
00000000000000000000000000100111
00000000000000000000000000100111
00000000000000000000000000100110
00000000000000000000000000100110
00000000000000000000000000100110
00000000000000000000000000100101
00000000000000000000000000100101
00000000000000000000000000100101
00000000000000000000000000100100
00000000000000000000000000100100
00000000000000000000000000100100
00000000000000000000000000100011
00000000000000000000000000100011
00000000000000000000000000100010
00000000000000000000000000100010
00000000000000000000000000100010
00000000000000000000000000100001
00000000000000000000000000100001
00000000000000000000000000100001
00000000000000000000000000100000
00000000000000000000000000100000
00000000000000000000000000100000
00000000000000000000000000011111
00000000000000000000000000011111
00000000000000000000000000011111
00000000000000000000000000011111
00000000000000000000000000011110
00000000000000000000000000011110
00000000000000000000000000011110
00000000000000000000000000011101
00000000000000000000000000011101
00000000000000000000000000011101
00000000000000000000000000011100
00000000000000000000000000011100
00000000000000000000000000011100
00000000000000000000000000011100
00000000000000000000000000011011
00000000000000000000000000011011
00000000000000000000000000011011
00000000000000000000000000011011
00000000000000000000000000011010
00000000000000000000000000011010
00000000000000000000000000011010
00000000000000000000000000011010
00000000000000000000000000011001
00000000000000000000000000011001
00000000000000000000000000011001
00000000000000000000000000011001
00000000000000000000000000011000
00000000000000000000000000011000
00000000000000000000000000011000
00000000000000000000000000011000
00000000000000000000000000010111
00000000000000000000000000010111
00000000000000000000000000010111
00000000000000000000000000010111
00000000000000000000000000010110
00000000000000000000000000010110
00000000000000000000000000010110
00000000000000000000000000010110
00000000000000000000000000010110
00000000000000000000000000010101
00000000000000000000000000010101
00000000000000000000000000010101
00000000000000000000000000010101
00000000000000000000000000010100
00000000000000000000000000010100
00000000000000000000000000010100
00000000000000000000000000010100
00000000000000000000000000010100
00000000000000000000000000010011
00000000000000000000000000010011
00000000000000000000000000010011
00000000000000000000000000010011
00000000000000000000000000010011
00000000000000000000000000010011
00000000000000000000000000010010
00000000000000000000000000010010
00000000000000000000000000010010
00000000000000000000000000010010
00000000000000000000000000010010
00000000000000000000000000010001
00000000000000000000000000010001
00000000000000000000000000010001
00000000000000000000000000010001
00000000000000000000000000010001
00000000000000000000000000010001
00000000000000000000000000010000
00000000000000000000000000010000
00000000000000000000000000010000
00000000000000000000000000010000
00000000000000000000000000010000
00000000000000000000000000010000
00000000000000000000000000001111
00000000000000000000000000001111
00000000000000000000000000001111
00000000000000000000000000001111
00000000000000000000000000001111
00000000000000000000000000001111
00000000000000000000000000001111
00000000000000000000000000001110
00000000000000000000000000001110
00000000000000000000000000001110
00000000000000000000000000001110
00000000000000000000000000001110
00000000000000000000000000001110
00000000000000000000000000001110
00000000000000000000000000001101
00000000000000000000000000001101
00000000000000000000000000001101
00000000000000000000000000001101
00000000000000000000000000001101
00000000000000000000000000001101
00000000000000000000000000001101
00000000000000000000000000001101
00000000000000000000000000001100
00000000000000000000000000001100
00000000000000000000000000001100
00000000000000000000000000001100
00000000000000000000000000001100
00000000000000000000000000001100
